#0 nothing   2 chasing      3 winging        4 pre-copulation        5 copulation       6 abnormal
1 58 2
59 92 3
93 115 4
116 151 2
152 214 3
215 231 2
232 267 3
268 284 0
285 290 2
291 495 3
496 510 0
511 519 2
520 635 3
636 644 2
645 1031 3
1032 1109 0
1110 1118 2
1119 1254 3
1255 1270 2
1271 1402 3
1403 1429 0
1430 1441 2
1442 1515 3
1516 1540 0
1541 1551 2
1552 1961 3
1962 1974 2
1975 2038 3
2039 2069 0
2070 2207 3
2208 2253 0
2254 2505 3
2506 2522 2
2523 2867 3
2868 2903 0
2904 2924 2
2925 3672 3
3673 3702 2
3703 3943 3
3944 4040 0
4041 4053 2
4054 4082 3
4083 4156 4
4157 4219 3
4220 4314 4
4315 4332 2
4333 4393 3
4394 4423 2
4424 4640 3
4641 4656 2
4657 4728 3
4729 4759 2
4760 4999 3
5000 5013 2
5014 5095 3
5096 5115 2
5116 5256 3
5257 5326 0
5327 5337 2
5338 5761 3
5762 5800 0
5801 5838 2
5839 5857 3
5858 5892 0
5893 5917 2
5918 6172 3
6173 6177 2
6178 6263 3
6264 6297 2
6298 7007 3
7008 7032 0
7033 7043 2
7044 7227 3
7228 7240 0
7241 7306 3
7307 7406 0
7407 8434 3
8435 8450 2
8451 8801 3
8802 8812 2
8813 8889 3
8890 8927 4
8928 10000 5