#0 nothing      1 oriantation        2 chasing      3 winging     4 pre-copulation        5 copulation       6 abnormal  
1 9 2
10 75 3
76 260 2
261 303 3
304 323 2
324 438 3
439 477 2
478 502 3
503 592 2
593 634 3
635 711 2
712 792 3
793 856 2
857 897 3
898 942 2
943 999 3
1000 1092 2
1093 1115 3
1116 1124 2
1125 1177 3
1178 1300 2
1301 1335 3
1336 1405 2
1406 1473 3
1474 1496 0
1497 1506 2
1507 1537 3
1538 1561 2
1562 1636 3
1637 1662 2
1663 1682 3
1683 1741 2
1742 1785 3
1786 1791 2
1792 1887 3
1888 2095 0
2096 2123 2
2124 2159 3
2160 2205 2
2206 2269 3
2270 2305 2
2306 2330 3
2331 2343 2
2344 2354 3
2355 2424 2
2425 2447 3
2448 2545 2
2546 2607 3
2608 2634 2
2635 2690 3
2691 2699 2
2700 2740 3
2741 2860 2
2861 2908 3
2909 2920 2
2921 2940 3
2941 3112 4
3113 3238 3
3239 3255 2
3256 3270 3
3271 3354 2
3355 3372 3
3373 3375 2
3376 3425 3
3426 3472 2
3473 3503 3
3504 3589 4
3590 3617 2
3618 3749 3
3750 3762 2
3763 3846 3
3847 3921 2
3922 3955 3
3956 3973 2
3974 3983 3
3984 4031 2
4032 4071 3
4072 4175 2
4176 4209 3
4210 4234 2
4235 4269 3
4270 4289 2
4290 4382 3
4383 4692 4
4693 4709 2
4710 4790 3
4791 4891 2
4892 4938 3
4939 4951 2
4952 4986 3
4987 5031 2
5032 5104 3
5105 5116 2
5117 5146 3
5147 5262 2
5263 5336 3
5337 5350 2
5351 5373 3
5374 5384 2
5385 5420 3
5421 5691 4
5692 5701 2
5702 5717 3
5718 5743 2
5744 5755 3
5756 5771 2
5772 5809 3
5810 5842 2
5843 5876 3
5877 5921 2
5922 5991 3
5992 7050 4
7051 10000 5