#0 nothing      (1 oriantation        2 chasing      3 winging) do not distinguish 1 2 3 for speed all marked 3       4 pre-copulation        5 copulation       6 abnormal    
1 1339 0
1340 1362 2
1363 1375 3
1376 1429 2
1430 1470 0 
1471 1551 2
1552 1596 0
1597 1627 2
1628 1777 0
1778 1811 2
1812 1822 3
1823 1850 2
1851 1910 3
1911 1921 0
1922 1932 2
1933 2035 3
2036 2046 4
2047 2048 3
2049 2106 2
2107 2141 3
2142 2221 2
2222 2285 3
2286 2297 4
2298 2339 3
2340 2402 2
2403 2510 3
2511 2543 2
2544 2620 3
2621 2630 2
2631 2648 3
2649 2669 2
2670 2693 3
2694 2708 2
2709 2789 3
2790 2802 2
2803 2954 3
2955 3052 2
3053 3074 3
3075 3116 2
3117 3185 3
3186 3217 2
3218 3230 3
3231 3233 2
3234 3291 3
3292 3337 4
3338 10000 5