#0 nothing      (1 oriantation        2 chasing      3 winging) do not distinguish 1 2 3 for speed all marked 3       4 pre-copulation        5 copulation       6 abnormal   
1 50 0
51 68 2
69 101 3
102 108 2
109 132 3
133 144 2
145 163 0
164 183 2
184 299 3
300 327 2
328 357 3
358 369 4
370 381 0
382 416 3
417 455 0
456 539 2
540 581 0
582 590 2
591 671 3
672 821 2
822 901 3
902 923 2
924 989 0
990 1006 2
1007 1039 3
1040 1053 2
1054 1097 3
1098 1129 2
1130 1162 3
1163 1222 2
1223 1285 3
1286 1352 2
1353 1389 3
1390 1408 2
1409 1494 3
1495 1551 0
1552 1634 2
1635 1647 3
1648 1663 2
1664 1730 3
1731 1743 4
1744 10000 5