#0 nothing     2 chasing      3 winging        4 pre-copulation        5 copulation       6 abnormal
1 114 0
115 184 2
185 695 0
696 730 2
731 743 3
744 1061 0
1062 1118 2
1119 1616 0
1617 1697 2
1698 1946 0
1947 2072 2
2073 2192 0
2193 2297 2
2298 2421 0
2422 2604 2
2605 2700 0
2701 2748 2
2749 2808 0
2809 2859 2
2860 3011 0
3012 3089 2
3090 3158 0
3159 3222 2
3223 3236 3
3237 3248 2
3249 3322 3
3323 3422 0
3423 3508 2
3509 3535 3
3536 3662 0
3663 3682 2
3683 3711 3
3712 3796 0
3797 3818 2
3819 3854 3
3855 3881 2
3882 3999 3
4000 4075 2
4076 4119 3
4120 4173 2
4174 4248 3
4249 4264 2
4265 4300 3
4301 4326 2
4327 4405 3
4406 4498 2
4499 4591 3
4592 4633 2
4634 4718 3
4719 4771 4
4772 10000 5
