#0 nothing      2 chasing      3 winging        4 pre-copulation        5 copulation       6 abnormal 
1 1456 0
1457 1537 2
1538 1669 0
1670 1719 2
1720 1772 3
1773 1853 2
1854 1864 3
1865 1874 2
1875 1886 3
1887 1921 2
1922 1934 3
1935 1950 2
1951 2140 0
2141 2160 2
2161 2422 0
2423 2452 2
2453 2509 0
2510 2539 2
2540 2577 3
2578 2586 2
2587 2697 3
2698 2717 2
2718 2836 3
2837 2865 2
2866 2907 3
2908 2925 2
2926 2974 3
2975 2990 2
2991 3008 3
3009 3023 2
3024 3093 3
3094 3133 2
3134 3364 3
3365 3438 2
3439 3487 3
3488 3545 0 
3546 3576 2
3577 3648 3
3649 3666 4
3667 3738 2
3739 3818 3
3819 3861 4
3862 10000 5