#0 nothing      1 oriantation        2 chasing      3 winging        4 pre-copulation        5 copulation       6 abnormal 
0 1394 0
1395 1509 1
1510 1764 0
1765 1856 2
1857 2334 0
2335 2386 2
2387 2423 3
2424 2633 4
2634 2681 1
2682 2707 0
2708 2741 6
2742 2829 0
2830 2925 1
2926 3021 3
3022 3146 0
3147 3190 6
3191 3214 1
3215 3323 3
3324 3359 4
3360 3421 1
3422 3641 0
3642 3674 1
3675 3843 3
3844 3941 0
3942 4004 2
4005 4059 0
4060 4125 1
4126 4195 3
4196 4242 4
4243 4353 0
4354 4398 6
4399 4657 0
4658 4758 6
4759 4970 0
4971 5004 1
5005 5095 3
5096 5194 6
5195 5617 3
5618 5848 0
5849 6344 3
6345 6555 0
6556 6638 1
6639 7269 0
7270 7371 3
7372 7431 6
7432 7453 1
7454 7585 3
7586 7589 4
7590 10000 5