#0 nothing      1 oriantation        2 chasing      3 winging        4 pre-copulation        5 copulation       6 abnormal
0 1 0
2 14 1
15 162 0
163 280 2
281 347 0
348 372 1
373 446 0
447 494 2 
495 1050 0
1051 1078 2
1079 1200 0
1201 1276 2
1277 1908 0
1909 1968 1
1969 2585 0
2586 2660 1
2661 2701 3
2702 2922 6
2923 3149 0
3150 3207 1
3208 3236 2
3237 3252 3
3253 3356 4
3357 3476 3
3477 3508 6
3509 3844 0
3845 3911 2
3912 3933 0
3934 3978 6
3979 4288 0
4289 4411 6
4412 4565 0
4566 4601 6
4602 4621 0
4622 4693 2
4694 4724 3
4725 4731 4
4732 10000 5