#0 nothing      (1 oriantation        2 chasing      3 winging) do not distinguish 1 2 3 for speed all marked 3       4 pre-copulation        5 copulation       6 abnormal    
0 141 0
142 355 3
356 379 6
380 578 0
579 639 3
640 775 0
776 849 3
850 1213 0
1214 1240 3
1241 1757 0
1758 1807 3
1808 1831 6
1832 1841 0
1842 1876 6
1877 2087 0
2088 2128 3
2129 2245 0
2246 2300 3
2301 2892 0
2893 2972 3
2973 2987 6
2988 3808 0
3809 3921 3
3922 3992 4
3993 4046 3
4047 4158 4
4159 4243 3
4244 4320 4
4321 4513 3
4514 4543 6
4544 4638 3
4639 4688 6
4689 4749 0
4750 4884 3
4885 4915 4
4916 5264 3
5265 5405 0
5406 5473 3
5474 5708 4
5709 5968 3
5969 6023 4
6024 6135 3
6136 6168 6
6169 6297 3
6298 6320 6
6321 6337 0
6338 6490 3
6491 6520 4
6521 6573 3
6574 6677 6
6678 6763 0
6764 6826 3
6827 6875 0
6876 6961 3
6962 7007 6
7008 7043 0
7044 7091 3
7092 7129 6
7130 7224 0
7225 7352 3
7353 7425 6
7426 7433 0
7434 7447 6
7448 7598 3
7599 7616 0
7617 7708 3
7709 7791 6
7792 7813 0
7814 7823 3
7824 7882 0
7883 7888 6
7889 7907 0
7908 7943 6
7944 7996 0
7997 8086 3
8087 8117 4
8118 8142 3
8143 8177 6
8178 8289 0
8290 8317 6
8318 8373 0
8374 8428 3
8429 8464 0
8465 8571 6
8572 8638 3
8639 8753 0
8754 8820 3
8821 8950 4
8951 10000 5
