#0 nothing      (1 oriantation        2 chasing      3 winging) do not distinguish 1 2 3 for speed all marked 3       4 pre-copulation        5 copulation       6 abnormal    
0 99 0
100 151 3
152 202 0
203 217 3
218 965 0
966 1079 3
1080 1378 0
1379 1422 3
1423 2156 0
2157 2206 3
2207 2236 0
2237 2255 6
2256 2581 3
2582 2667 0
2668 2755 3
2756 3133 6
3134 3220 0
3221 3310 6
3311 3354 0
3355 3406 6
3407 3465 0
3466 3515 6
3516 3649 0
3650 3772 6
3773 3822 0
3823 3926 6
3927 3945 0
3946 4422 6
4423 4541 0
4542 4701 6
4702 4725 0
4726 4854 6
4855 4882 0
4883 4906 6
4907 4980 0
4981 5225 6
5226 5404 0
5405 6029 6
6030 6142 0
6143 6298 3
6299 6434 6
6435 6468 3
6469 6499 6
6500 6509 0
6510 6516 6
6517 6604 0
6605 6715 6
6716 6725 0
6726 6734 6
6735 6861 0
6862 6879 6
6880 6899 0
6900 6936 6
6937 6972 3
6973 7197 6
7198 7237 0
7238 7424 3
7425 7613 6
7614 7643 0
7644 7741 6
7742 7782 0
7783 7825 6
7826 7936 0
7937 8088 6
8089 8124 3
8125 8329 6
8330 8435 3
8436 8515 4
8516 10000 5