#0 nothing      (1 oriantation        2 chasing      3 winging) do not distinguish 1 2 3 for speed all marked 3       4 pre-copulation        5 copulation       6 abnormal    
0 263 0
264 300 3
301 652 0
653 753 3
754 1203 0
1204 1298 3
1299 1356 4
1357 1455 0
1456 1541 6
1542 1583 3
1584 1916 0
1917 1968 3
1969 2168 0
2169 2200 3
2201 2280 6
2281 2571 0
2572 2668 3
2669 2717 4
2718 2801 0
2802 2839 6
2840 2906 3
2907 2955 6
2956 3059 3
3060 3080 4
3081 3171 0 
3172 3205 6
3206 3253 0
3254 3307 3
3308 3327 6
3328 3382 0
3383 3438 3
3439 3453 0
3454 3532 3
3533 3565 6
3566 3578 0
3579 3618 3
3619 3633 0
3634 3643 6
3644 4123 3
4124 4136 6
4137 4186 0
4187 4377 6
4378 4456 0
4457 4570 3
4571 4694 0
4695 4844 3
4845 5012 4
5013 5095 3
5096 5109 6
5110 5179 0
5180 5251 6
5252 5349 0
5350 5716 3
5717 5775 4
5776 10000 5
