#0 nothing      1 oriantation        2 chasing      3 winging       4 pre-copulation        5 copulation       6 abnormal     
1 114 3
115 162 2
163 196 3
197 215 2
216 236 3
237 283 2
284 301 3
302 311 2
312 344 3
345 444 2
445 474 3
475 487 2
488 561 3
562 589 2
590 604 3
605 623 2
624 689 3
690 703 2
704 720 0
721 756 2
757 800 3
801 812 2
813 828 3
829 884 0
885 914 2
915 951 3
952 967 0
968 988 2
989 1048 3
1049 1214 0
1215 1235 2
1236 1260 3
1261 1300 2
1301 1328 3
1329 1346 2
1347 1433 3
1434 1456 4
1457 1458 3
1459 1461 2
1462 1475 3
1476 1484 2
1485 1497 3
1498 1550 2
1551 1572 3
1573 1579 2
1580 1608 3
1609 1697 2
1698 1787 3
1788 1801 2
1802 1928 3
1929 1960 2
1961 2072 3
2073 2087 2
2088 2121 3
2122 2135 2
2136 2230 3
2231 2289 2
2290 2338 3
2339 2358 2
2359 2469 3
2470 2557 2
2558 2577 3
2578 2587 2
2588 2645 3
2646 2681 2
2682 2708 3
2709 2721 2
2722 2762 3
2763 2787 2
2788 2839 3
2840 2864 2
2865 2956 3
2957 3017 4
3018 3150 5 
